1850   -0.374   -0.426   -0.338   -0.504   -0.244   -0.538   -0.210   -0.516   -0.239   -0.592   -0.162
1851   -0.221   -0.274   -0.185   -0.354   -0.089   -0.372   -0.070   -0.367   -0.083   -0.432   -0.017
1852   -0.224   -0.276   -0.192   -0.349   -0.098   -0.375   -0.073   -0.364   -0.094   -0.431   -0.026
1853   -0.269   -0.319   -0.236   -0.378   -0.160   -0.430   -0.109   -0.392   -0.155   -0.473   -0.073
1854   -0.251   -0.302   -0.219   -0.352   -0.149   -0.395   -0.106   -0.367   -0.145   -0.438   -0.073
1855   -0.273   -0.323   -0.240   -0.369   -0.176   -0.414   -0.132   -0.384   -0.169   -0.454   -0.099
1856   -0.353   -0.406   -0.318   -0.451   -0.255   -0.493   -0.212   -0.465   -0.247   -0.533   -0.177
1857   -0.460   -0.511   -0.431   -0.557   -0.362   -0.591   -0.329   -0.572   -0.356   -0.633   -0.294
1858   -0.466   -0.523   -0.435   -0.569   -0.363   -0.596   -0.336   -0.584   -0.357   -0.643   -0.297
1859   -0.287   -0.347   -0.255   -0.400   -0.175   -0.419   -0.156   -0.417   -0.170   -0.474   -0.113
1860   -0.349   -0.411   -0.313   -0.461   -0.236   -0.482   -0.216   -0.478   -0.231   -0.535   -0.173
1861   -0.413   -0.487   -0.359   -0.531   -0.294   -0.565   -0.260   -0.549   -0.282   -0.617   -0.212
1862   -0.526   -0.601   -0.477   -0.646   -0.407   -0.689   -0.364   -0.664   -0.395   -0.740   -0.317
1863   -0.281   -0.347   -0.230   -0.407   -0.156   -0.446   -0.116   -0.423   -0.144   -0.499   -0.067
1864   -0.494   -0.563   -0.449   -0.617   -0.371   -0.648   -0.341   -0.636   -0.363   -0.704   -0.294
1865   -0.274   -0.355   -0.229   -0.399   -0.150   -0.448   -0.100   -0.425   -0.143   -0.507   -0.058
1866   -0.249   -0.338   -0.199   -0.368   -0.130   -0.411   -0.087   -0.395   -0.119   -0.469   -0.043
1867   -0.322   -0.406   -0.266   -0.436   -0.209   -0.487   -0.157   -0.457   -0.192   -0.535   -0.112
1868   -0.234   -0.322   -0.182   -0.341   -0.128   -0.396   -0.073   -0.368   -0.115   -0.445   -0.034
1869   -0.267   -0.335   -0.224   -0.374   -0.161   -0.410   -0.125   -0.390   -0.150   -0.456   -0.082
1870   -0.278   -0.342   -0.238   -0.380   -0.175   -0.404   -0.151   -0.395   -0.166   -0.450   -0.110
1871   -0.334   -0.405   -0.294   -0.436   -0.231   -0.469   -0.198   -0.454   -0.221   -0.515   -0.158
1872   -0.230   -0.294   -0.191   -0.329   -0.131   -0.354   -0.106   -0.346   -0.121   -0.400   -0.065
1873   -0.304   -0.363   -0.257   -0.400   -0.207   -0.423   -0.184   -0.417   -0.195   -0.468   -0.143
1874   -0.375   -0.442   -0.330   -0.470   -0.280   -0.493   -0.258   -0.487   -0.268   -0.537   -0.216
1875   -0.397   -0.466   -0.355   -0.490   -0.304   -0.515   -0.279   -0.511   -0.292   -0.562   -0.240
1876   -0.382   -0.451   -0.335   -0.472   -0.291   -0.498   -0.266   -0.492   -0.277   -0.541   -0.225
1877   -0.076   -0.146   -0.028   -0.164    0.012   -0.192    0.040   -0.183    0.028   -0.233    0.080
1878    0.036   -0.026    0.084   -0.053    0.124   -0.081    0.153   -0.070    0.139   -0.121    0.192
1879   -0.232   -0.293   -0.188   -0.312   -0.152   -0.346   -0.118   -0.329   -0.140   -0.381   -0.085
1880   -0.229   -0.288   -0.183   -0.306   -0.152   -0.347   -0.111   -0.323   -0.137   -0.379   -0.078
1881   -0.207   -0.265   -0.162   -0.283   -0.132   -0.329   -0.085   -0.299   -0.118   -0.359   -0.055
1882   -0.214   -0.273   -0.172   -0.289   -0.140   -0.330   -0.099   -0.308   -0.128   -0.363   -0.071
1883   -0.298   -0.351   -0.250   -0.365   -0.230   -0.407   -0.188   -0.381   -0.215   -0.435   -0.160
1884   -0.411   -0.459   -0.373   -0.474   -0.348   -0.523   -0.299   -0.490   -0.337   -0.548   -0.277
1885   -0.390   -0.446   -0.353   -0.451   -0.329   -0.504   -0.277   -0.468   -0.318   -0.528   -0.256
1886   -0.368   -0.419   -0.334   -0.429   -0.308   -0.482   -0.254   -0.445   -0.298   -0.506   -0.235
1887   -0.422   -0.479   -0.386   -0.484   -0.359   -0.530   -0.313   -0.504   -0.349   -0.558   -0.292
1888   -0.312   -0.363   -0.273   -0.374   -0.249   -0.419   -0.204   -0.395   -0.237   -0.448   -0.182
1889   -0.173   -0.237   -0.131   -0.239   -0.108   -0.282   -0.065   -0.264   -0.094   -0.315   -0.040
1890   -0.417   -0.483   -0.369   -0.482   -0.351   -0.522   -0.312   -0.509   -0.336   -0.558   -0.285
1891   -0.335   -0.409   -0.278   -0.403   -0.267   -0.441   -0.228   -0.432   -0.249   -0.479   -0.198
1892   -0.456   -0.526   -0.401   -0.528   -0.383   -0.561   -0.350   -0.558   -0.367   -0.603   -0.318
1893   -0.473   -0.546   -0.418   -0.544   -0.402   -0.577   -0.370   -0.573   -0.384   -0.617   -0.337
1894   -0.405   -0.485   -0.349   -0.474   -0.336   -0.509   -0.302   -0.505   -0.318   -0.550   -0.270
1895   -0.390   -0.460   -0.337   -0.457   -0.322   -0.492   -0.288   -0.487   -0.304   -0.531   -0.257
1896   -0.184   -0.251   -0.135   -0.253   -0.115   -0.287   -0.080   -0.279   -0.096   -0.324   -0.048
1897   -0.208   -0.274   -0.157   -0.278   -0.139   -0.311   -0.105   -0.305   -0.120   -0.350   -0.073
1898   -0.413   -0.479   -0.364   -0.483   -0.343   -0.515   -0.311   -0.509   -0.325   -0.553   -0.278
1899   -0.289   -0.354   -0.233   -0.358   -0.220   -0.389   -0.189   -0.385   -0.198   -0.427   -0.154
1900   -0.198   -0.267   -0.145   -0.269   -0.127   -0.298   -0.097   -0.297   -0.106   -0.339   -0.062
1901   -0.261   -0.326   -0.209   -0.331   -0.190   -0.367   -0.154   -0.358   -0.171   -0.405   -0.122
1902   -0.404   -0.460   -0.357   -0.466   -0.341   -0.507   -0.300   -0.491   -0.323   -0.539   -0.272
1903   -0.482   -0.542   -0.432   -0.544   -0.419   -0.587   -0.376   -0.568   -0.402   -0.618   -0.350
1904   -0.519   -0.574   -0.469   -0.581   -0.458   -0.626   -0.413   -0.603   -0.439   -0.655   -0.386
1905   -0.377   -0.436   -0.326   -0.437   -0.318   -0.480   -0.274   -0.461   -0.299   -0.510   -0.248
1906   -0.284   -0.339   -0.233   -0.342   -0.226   -0.390   -0.178   -0.365   -0.209   -0.417   -0.154
1907   -0.466   -0.522   -0.425   -0.525   -0.407   -0.569   -0.364   -0.547   -0.393   -0.597   -0.340
1908   -0.511   -0.561   -0.467   -0.567   -0.455   -0.613   -0.409   -0.589   -0.441   -0.640   -0.388
1909   -0.523   -0.576   -0.478   -0.575   -0.471   -0.627   -0.419   -0.596   -0.457   -0.650   -0.400
1910   -0.491   -0.546   -0.449   -0.540   -0.442   -0.594   -0.387   -0.563   -0.424   -0.617   -0.368
1911   -0.543   -0.592   -0.498   -0.590   -0.497   -0.646   -0.441   -0.613   -0.480   -0.667   -0.423
1912   -0.437   -0.483   -0.393   -0.484   -0.389   -0.537   -0.336   -0.507   -0.375   -0.560   -0.319
1913   -0.425   -0.469   -0.384   -0.474   -0.376   -0.528   -0.321   -0.493   -0.364   -0.549   -0.305
1914   -0.245   -0.290   -0.203   -0.304   -0.186   -0.348   -0.143   -0.323   -0.176   -0.374   -0.122
1915   -0.147   -0.206   -0.095   -0.216   -0.079   -0.256   -0.038   -0.236   -0.067   -0.289   -0.013
1916   -0.382   -0.435   -0.331   -0.442   -0.322   -0.488   -0.275   -0.463   -0.308   -0.517   -0.253
1917   -0.463   -0.518   -0.413   -0.528   -0.398   -0.573   -0.353   -0.550   -0.383   -0.604   -0.328
1918   -0.331   -0.390   -0.272   -0.401   -0.261   -0.447   -0.215   -0.424   -0.243   -0.480   -0.186
1919   -0.272   -0.324   -0.219   -0.337   -0.207   -0.385   -0.159   -0.357   -0.190   -0.414   -0.133
1920   -0.241   -0.286   -0.195   -0.303   -0.178   -0.352   -0.130   -0.321   -0.166   -0.378   -0.108
1921   -0.187   -0.234   -0.147   -0.242   -0.131   -0.287   -0.086   -0.260   -0.123   -0.312   -0.068
1922   -0.301   -0.344   -0.263   -0.354   -0.248   -0.403   -0.199   -0.369   -0.239   -0.424   -0.182
1923   -0.272   -0.316   -0.235   -0.322   -0.222   -0.369   -0.175   -0.338   -0.215   -0.391   -0.161
1924   -0.292   -0.334   -0.258   -0.343   -0.241   -0.394   -0.190   -0.358   -0.234   -0.414   -0.176
1925   -0.214   -0.260   -0.178   -0.264   -0.163   -0.314   -0.113   -0.280   -0.155   -0.335   -0.099
1926   -0.105   -0.150   -0.070   -0.155   -0.056   -0.205   -0.005   -0.170   -0.048   -0.226    0.009
1927   -0.208   -0.248   -0.177   -0.255   -0.161   -0.308   -0.108   -0.268   -0.154   -0.325   -0.095
1928   -0.206   -0.250   -0.176   -0.255   -0.158   -0.304   -0.109   -0.268   -0.152   -0.322   -0.096
1929   -0.348   -0.388   -0.318   -0.397   -0.299   -0.445   -0.250   -0.410   -0.292   -0.464   -0.236
1930   -0.134   -0.176   -0.105   -0.183   -0.085   -0.232   -0.037   -0.197   -0.079   -0.251   -0.024
1931   -0.083   -0.126   -0.052   -0.131   -0.034   -0.180    0.015   -0.145   -0.027   -0.199    0.029
1932   -0.134   -0.179   -0.107   -0.183   -0.086   -0.229   -0.040   -0.197   -0.080   -0.248   -0.027
1933   -0.267   -0.312   -0.238   -0.315   -0.219   -0.361   -0.174   -0.329   -0.214   -0.381   -0.161
1934   -0.127   -0.170   -0.098   -0.174   -0.080   -0.220   -0.034   -0.187   -0.074   -0.238   -0.021
1935   -0.172   -0.212   -0.146   -0.218   -0.126   -0.264   -0.080   -0.229   -0.120   -0.281   -0.067
1936   -0.140   -0.176   -0.113   -0.183   -0.098   -0.229   -0.052   -0.192   -0.091   -0.243   -0.039
1937   -0.022   -0.058    0.003   -0.065    0.020   -0.109    0.064   -0.075    0.026   -0.124    0.076
1938   -0.003   -0.039    0.020   -0.047    0.041   -0.093    0.088   -0.057    0.046   -0.109    0.099
1939   -0.047   -0.081   -0.025   -0.098    0.005   -0.137    0.043   -0.108    0.010   -0.156    0.059
1940    0.018   -0.017    0.049   -0.041    0.077   -0.083    0.119   -0.051    0.083   -0.105    0.138
1941    0.020   -0.023    0.052   -0.032    0.073   -0.075    0.116   -0.047    0.081   -0.097    0.133
1942   -0.024   -0.078    0.017   -0.081    0.033   -0.119    0.072   -0.101    0.047   -0.146    0.095
1943   -0.000   -0.052    0.040   -0.057    0.056   -0.101    0.100   -0.076    0.068   -0.126    0.121
1944    0.149    0.100    0.184    0.095    0.203    0.051    0.248    0.074    0.215    0.025    0.268
1945    0.027   -0.014    0.063   -0.029    0.084   -0.078    0.132   -0.046    0.094   -0.101    0.152
1946   -0.072   -0.115   -0.043   -0.126   -0.018   -0.160    0.017   -0.142   -0.010   -0.185    0.035
1947   -0.038   -0.100    0.000   -0.089    0.013   -0.125    0.049   -0.116    0.029   -0.155    0.071
1948   -0.037   -0.101    0.005   -0.085    0.011   -0.122    0.047   -0.112    0.030   -0.150    0.071
1949   -0.072   -0.118   -0.032   -0.116   -0.027   -0.155    0.011   -0.138   -0.015   -0.178    0.028
1950   -0.172   -0.217   -0.133   -0.216   -0.128   -0.254   -0.091   -0.236   -0.115   -0.277   -0.074
1951   -0.051   -0.090   -0.017   -0.093   -0.010   -0.137    0.034   -0.108    0.002   -0.154    0.049
1952    0.031   -0.008    0.065   -0.009    0.072   -0.052    0.115   -0.023    0.086   -0.068    0.131
1953    0.097    0.059    0.132    0.057    0.138    0.013    0.182    0.042    0.152   -0.003    0.198
1954   -0.129   -0.167   -0.094   -0.169   -0.089   -0.213   -0.046   -0.183   -0.077   -0.229   -0.031
1955   -0.190   -0.222   -0.160   -0.228   -0.152   -0.272   -0.108   -0.240   -0.140   -0.286   -0.093
1956   -0.266   -0.296   -0.235   -0.303   -0.228   -0.344   -0.188   -0.313   -0.217   -0.356   -0.173
1957   -0.004   -0.032    0.025   -0.041    0.033   -0.081    0.073   -0.051    0.043   -0.095    0.086
1958    0.046    0.021    0.075    0.010    0.082   -0.030    0.122    0.002    0.093   -0.042    0.136
1959    0.017   -0.008    0.042   -0.018    0.052   -0.057    0.091   -0.027    0.060   -0.069    0.103
1960   -0.049   -0.074   -0.024   -0.083   -0.014   -0.122    0.025   -0.092   -0.006   -0.134    0.036
1961    0.040    0.010    0.062    0.008    0.072   -0.035    0.114   -0.001    0.080   -0.045    0.125
1962    0.016   -0.011    0.035   -0.015    0.048   -0.059    0.092   -0.025    0.055   -0.069    0.101
1963    0.049    0.022    0.075    0.017    0.081   -0.028    0.126    0.006    0.090   -0.039    0.136
1964   -0.223   -0.247   -0.197   -0.254   -0.193   -0.299   -0.148   -0.262   -0.181   -0.307   -0.136
1965   -0.140   -0.163   -0.114   -0.171   -0.109   -0.216   -0.064   -0.181   -0.100   -0.227   -0.054
1966   -0.069   -0.091   -0.043   -0.099   -0.039   -0.145    0.008   -0.108   -0.030   -0.155    0.017
1967   -0.074   -0.094   -0.053   -0.103   -0.045   -0.150    0.002   -0.110   -0.038   -0.158    0.010
1968   -0.112   -0.132   -0.096   -0.140   -0.084   -0.188   -0.037   -0.146   -0.080   -0.195   -0.030
1969    0.031    0.014    0.050    0.004    0.059   -0.044    0.107   -0.002    0.066   -0.051    0.115
1970   -0.027   -0.047   -0.008   -0.054    0.001   -0.102    0.049   -0.059    0.009   -0.108    0.057
1971   -0.187   -0.204   -0.163   -0.213   -0.160   -0.261   -0.112   -0.218   -0.151   -0.267   -0.103
1972   -0.067   -0.082   -0.041   -0.094   -0.039   -0.142    0.009   -0.099   -0.032   -0.149    0.016
1973    0.062    0.051    0.082    0.035    0.089   -0.012    0.136    0.032    0.095   -0.017    0.143
1974   -0.213   -0.226   -0.196   -0.240   -0.186   -0.288   -0.138   -0.243   -0.181   -0.293   -0.131
1975   -0.147   -0.162   -0.133   -0.174   -0.120   -0.222   -0.073   -0.178   -0.117   -0.228   -0.067
1976   -0.240   -0.254   -0.226   -0.268   -0.213   -0.315   -0.166   -0.271   -0.210   -0.322   -0.160
1977    0.046    0.033    0.063    0.018    0.073   -0.028    0.119    0.015    0.077   -0.034    0.126
1978   -0.063   -0.078   -0.044   -0.090   -0.036   -0.138    0.012   -0.093   -0.031   -0.144    0.019
1979    0.058    0.041    0.077    0.035    0.080   -0.015    0.130    0.029    0.086   -0.021    0.135
1980    0.093    0.077    0.108    0.067    0.119    0.018    0.169    0.062    0.122    0.011    0.174
1981    0.140    0.126    0.154    0.114    0.167    0.064    0.217    0.108    0.171    0.057    0.222
1982    0.011   -0.012    0.029   -0.017    0.040   -0.064    0.086   -0.025    0.044   -0.073    0.093
1983    0.193    0.173    0.210    0.165    0.221    0.118    0.268    0.158    0.226    0.110    0.275
1984   -0.013   -0.033    0.006   -0.041    0.014   -0.088    0.061   -0.048    0.020   -0.096    0.068
1985   -0.030   -0.048   -0.013   -0.057   -0.003   -0.103    0.043   -0.063    0.002   -0.110    0.050
1986    0.046    0.024    0.067    0.020    0.071   -0.029    0.121    0.010    0.078   -0.038    0.127
1987    0.191    0.169    0.219    0.166    0.216    0.115    0.267    0.156    0.225    0.108    0.274
1988    0.199    0.176    0.222    0.173    0.225    0.123    0.275    0.163    0.234    0.116    0.282
1989    0.118    0.092    0.148    0.091    0.145    0.043    0.194    0.082    0.156    0.034    0.202
1990    0.296    0.266    0.329    0.269    0.323    0.219    0.372    0.257    0.336    0.211    0.382
1991    0.254    0.219    0.290    0.228    0.280    0.178    0.329    0.213    0.295    0.168    0.340
1992    0.103    0.069    0.138    0.078    0.129    0.026    0.181    0.062    0.144    0.016    0.191
1993    0.145    0.109    0.183    0.119    0.171    0.068    0.222    0.103    0.189    0.058    0.234
1994    0.206    0.172    0.246    0.180    0.231    0.128    0.284    0.163    0.251    0.117    0.296
1995    0.321    0.285    0.358    0.298    0.344    0.245    0.397    0.277    0.365    0.233    0.408
1996    0.180    0.144    0.215    0.160    0.200    0.101    0.259    0.137    0.222    0.089    0.268
1997    0.389    0.354    0.424    0.366    0.411    0.313    0.465    0.347    0.432    0.302    0.475
1998    0.536    0.496    0.576    0.513    0.560    0.461    0.611    0.489    0.582    0.447    0.624
1999    0.306    0.264    0.344    0.283    0.328    0.230    0.382    0.259    0.351    0.216    0.394
2000    0.293    0.258    0.337    0.272    0.315    0.217    0.369    0.251    0.342    0.207    0.385
2001    0.439    0.403    0.482    0.417    0.461    0.363    0.515    0.395    0.489    0.350    0.530
2002    0.497    0.462    0.541    0.476    0.517    0.418    0.575    0.454    0.547    0.407    0.590
2003    0.508    0.472    0.549    0.490    0.527    0.430    0.587    0.466    0.556    0.419    0.602
2004    0.448    0.413    0.483    0.431    0.465    0.370    0.527    0.406    0.492    0.359    0.540
2005    0.544    0.505    0.583    0.527    0.561    0.464    0.624    0.501    0.590    0.453    0.638
2006    0.505    0.466    0.544    0.489    0.520    0.426    0.583    0.462    0.549    0.415    0.596
2007    0.492    0.457    0.530    0.477    0.507    0.415    0.569    0.452    0.535    0.405    0.581
2008    0.394    0.355    0.432    0.379    0.408    0.318    0.470    0.352    0.437    0.307    0.482
2009    0.506    0.466    0.545    0.492    0.521    0.427    0.585    0.464    0.549    0.416    0.597
2010    0.556    0.521    0.599    0.542    0.570    0.477    0.636    0.516    0.602    0.467    0.649
2011    0.421    0.390    0.462    0.406    0.436    0.343    0.499    0.381    0.467    0.333    0.512
2012    0.469    0.436    0.507    0.451    0.487    0.391    0.547    0.427    0.514    0.379    0.560
2013    0.512    0.476    0.549    0.493    0.531    0.434    0.590    0.468    0.558    0.421    0.604
2014    0.575    0.541    0.612    0.556    0.594    0.499    0.651    0.533    0.621    0.487    0.665
2015    0.760    0.727    0.800    0.744    0.776    0.683    0.837    0.719    0.805    0.672    0.850
2016    0.773    0.738    0.813    0.757    0.789    0.696    0.850    0.732    0.819    0.685    0.865
2017    0.793    0.749    0.837    0.763    0.823    0.550    1.036    0.742    0.850    0.546    1.044
